======================================================================
TPM COMMAND SUMMARY
======================================================================

Total TPM Commands Detected : 133

----------------------------------------------------------------------
GetCapability
----------------------------------------------------------------------
Command Code : TPM_CC.GetCapability
Count        : 85
Indexes      :
   243, 277, 353, 447, 522, 556, 690, 748, 786, 805, 844, 920, 959, 978, 1016, 1072, 1089, 1127, 1181, 1200
   1217, 1236, 1272, 1291, 1328, 1347, 1385, 1404, 1443, 1462, 1500, 1519, 1558, 1577, 1615, 1634, 1673, 1692, 1730, 1749
   1788, 1807, 1845, 1862, 1901, 1920, 1958, 1977, 2016, 2035, 2073, 2092, 2131, 2148, 2184, 2203, 2240, 2259, 2295, 2314
   2353, 2372, 2410, 2429, 2468, 2487, 2525, 2542, 2579, 2598, 2636, 2655, 2692, 2709, 2743, 2760, 2795, 2812, 2846, 2863
   2898, 2915, 2949, 2966, 3083

----------------------------------------------------------------------
PCR_Extend
----------------------------------------------------------------------
Command Code : TPM_CC.PCR_Extend
Count        : 34
Indexes      :
   539, 652, 882, 1054, 1108, 1253, 1310, 1366, 1596, 1653, 1711, 1768, 1826, 1881, 1939, 1996, 2054, 2111, 2165, 2222
   2278, 2333, 2391, 2448, 2506, 2559, 2617, 2674, 2726, 2777, 2829, 2880, 2932, 2983

----------------------------------------------------------------------
UNKNOWN_TPM_COMMAND
----------------------------------------------------------------------
Command Code : 0x17a, 0x17b, 0x182, 0x1c2, 0x1c3, 0x1fa
Count        : 13
Indexes      :
   296, 334, 409, 485, 503, 594, 671, 824, 863, 1035, 1144, 1163, 1538

----------------------------------------------------------------------
SelfTest
----------------------------------------------------------------------
Command Code : TPM_CC.SelfTest
Count        : 1
Indexes      :
   83

